262
177730175
748523669
575680774
490602133
31353491
885111883
130046405
314110529
48844701
896094116
152675585
72378243
700950393
489170674
7541770
581816286
101041148
926297406
687644871
216981081
93948870
832671090
600990583
314048560
264680143
928696569
371386371
475320374
466474546
14484127
998938581
636692206
20114287
835454366
360604276
472201489
187929114
300578381
34092880
262561201
900425888
342267153
368929267
803679181
698989786
235256805
638274452
969029165
6619976
81859752
262458063
439153123
345055499
163319602
600424062
297980849
49890493
646930495
459096800
184347788
276879009
337985634
965287706
128560974
130772164
524436566
800087200
230178209
36155464
461654625
86937178
655625717
939991058
454944964
594986887
778831257
794617464
289017706
152888560
926805570
699779881
388770386
784053403
818821524
330197168
539869289
591711694
308246945
556326332
336463952
583517834
733694901
845252023
849996862
518249313
783021501
956695608
491266009
452970120
84090331
330596846
100629195
540855456
940835338
365235613
521749932
607577296
627154337
555970410
928400080
551397553
100247725
13503860
368225542
91226807
967383382
685063265
440224272
695078853
352097572
818136539
229985822
205090782
53145154
461010550
555619954
124037449
760053388
302754835
954473603
502028959
292895991
953736958
78004933
594288618
392608691
488601787
217723366
99376854
932870004
350559153
49245610
306621556
967465598
95530981
836658326
858498833
485560572
842036394
261717804
639623899
505739734
355258541
525778560
389205143
52790524
57983002
336929548
475248705
193372073
248508096
337469311
134719012
885059017
169110414
377601320
214279559
429839868
221611808
647289940
926513647
970183402
850972664
467339349
468220807
912724585
579656866
758279801
672784228
153206837
101023637
603347953
250382691
822791123
207261399
751631980
915194871
94797926
667635488
523731390
398810599
699238968
839596819
751673475
316012858
718450554
438492761
401307332
187138801
470301240
408301593
95064036
399861462
174157561
953941251
18855892
833228266
632753615
812863705
755997451
980826099
789744383
718617395
557058948
488482930
569414882
21277136
871688328
764138265
267189246
407951693
818692532
580147780
916026433
531386386
647005711
770426675
852900035
218450319
412931699
350204634
670952394
173771585
40144808
510599468
532145079
935587420
133524166
399830695
960874601
629908317
10846886
797642348
8685628
979166688
670753667
69080359
215546333
279063176
549447890
728747601
960692356
452834981
993883811
832357616
60609590
350438157
170770208
428230665
775707140
987766653
498584498