19
23
16
17
21
17
11
19
11
20
21
15
23
12
14
20
14
20
25
13
18
10
23
24
13
17
23
20
16
13
15
20
19
18
20
19
18
23
16
17
24
21
23
15
18
13
20
17
16
14
15
17
19
16
22
25
15
17
24
24
21
20
18
22
12
18
22
15
20
15
16
17
24
16
17
17
16
20
18
20
21
16
15
18
18
23
20
17
24
18
30
17
19
20
11
15
18
17
14
17
18
13
18
16
19
16
14
17
14
20
21
17
18
22
21
20
19
12
23
20
15
16
22
8
18
20
21
22
15
19
23
19
18
19
22
19
19
16
22
14
19
20
22
18
21
22
17
18
18
12
17
20
17
16
11
14
16
20
17
23
20
19
14
21
18
22
25
16
12
22
19
22
18
17
17
19
20
21
24
17
15
17
15
13
23
22
13
18
20
18
17
18
23
19
16
20
21
18
15
18
17
18
16
11
13
18
18
21
21
25
17
17
21
22
16
14
16
18
23
18
21
16
20
23
14
19
21
23
15
15
16
22
21
20
18
17
24
16
17
19
23
14
20
16
20
17
23
21
18
24
23
18
19
21
18
16
15
14
13
12
21
18